local TeANBeAU = getmetatable; getmetatable = function() return nil end;
local YLQtEIkw = {690,21,997,563,810,243,817,359,185,462,930,514,286,355,836,397,75,333,668,447,945,505,588,768,273,568,755,343,334,731,760,47,302,75,417,827,92,325,835,310,744,135,162,208,506,517,173,306,14,791,859,200,1,936,254,844,763,826,452,879,378,140,194,301,645,236,43,899,58,227,603,976,999,102,510,860,572,977,274,572,197,405,613,512,330,259,305,794,860,698,111,742,361,781,830,744,866,416,47,814}
local vBhWSOsQ = {477,46,215,121,869,537,408,549,252,195,368,319,151,7,506,740,471,136,243,824,104,159,333,407,122,0,951,552,492,729,953,112,264,314,114,565,397,301,895,620,394,871,395,986,292,607,70,419,387,171,426,827,840,115,72,483,671,672,560,581,96,343,43,593,183,134,869,499,767,815,236,108,298,702,785,553,274,505,205,243,979,18,21,375,523,762,857,652,14,551,918,772,517,430,310,904,902,251,900,355}
local uBftQXRe = {546,680,966,669,967,548,662,342,460,423,426,450,758,423,807,878,11,562,993,130,514,116,187,564,615,921,660,140,452,395,333,774,262,612,686,91,528,685,710,491,126,287,701,313,353,553,925,484,270,454,217,242,654,748,223,363,695,576,88,229,676,884,996,71,627,372,505,490,7,406,820,24,883,720,649,314,922,631,947,17,604,855,92,761,436,10,975,239,767,21,359,323,426,302,831,74,886,651,627,322}
local CVdwtSRV = {440,1,934,983,259,55,582,647,181,97,379,352,803,810,439,517,477,806,343,247,43,735,991,649,901,580,824,538,1,61,442,549,728,37,83,498,495,552,823,25,481,202,502,663,244,868,658,567,624,330,674,203,321,9,943,238,982,724,281,654,782,463,69,317,152,668,362,50,962,456,959,736,368,713,827,381,137,845,818,746,369,438,426,568,651,231,716,488,245,88,3,212,34,583,695,539,374,238,104,576}
local zuzNVIrD = {143,186,708,682,993,926,875,577,144,409,150,665,713,798,626,934,612,998,269,765,783,29,217,402,159,830,929,476,60,910,879,192,647,280,519,707,650,966,569,899,269,820,657,953,325,802,22,2,292,457,551,427,722,26,201,195,184,959,823,783,815,713,751,920,566,633,172,34,86,41,799,701,254,359,554,297,652,410,982,80,585,739,475,806,355,925,963,629,149,461,127,366,408,636,387,897,740,649,624,946}
local XUJaMFka = {210,354,842,889,843,380,518,730,785,257,540,396,190,338,85,617,995,808,137,80,100,458,131,477,513,36,646,272,848,879,164,560,620,247,941,342,820,492,619,570,304,113,380,498,841,835,85,150,68,595,674,600,730,274,729,412,369,159,691,874,718,217,869,895,75,487,948,341,233,376,865,28,827,351,425,823,286,249,772,491,26,706,749,435,751,553,613,885,292,686,991,486,785,538,500,533,628,580,663,463}
local FfmlIDhq = {152,268,423,473,417,222,868,727,177,631,103,541,475,590,40,854,479,73,748,571,78,625,101,823,475,381,679,535,415,117,530,697,511,984,76,577,306,935,197,808,239,982,432,20,356,532,615,617,894,717,231,927,426,451,951,478,124,99,763,47,295,234,370,880,318,140,534,277,521,788,617,310,979,626,258,133,654,414,244,901,170,300,275,380,984,152,227,170,295,916,265,176,434,66,849,511,94,883,709,491}
local kAHidPTH = {149,283,195,317,749,677,944,885,665,34,420,369,769,454,50,545,954,747,268,670,962,565,861,240,17,653,206,76,946,104,987,797,698,858,912,523,614,805,59,825,80,434,559,61,971,482,574,511,387,711,541,9,335,163,763,652,211,332,771,88,397,741,155,626,715,153,972,177,817,599,226,666,901,904,626,409,544,571,199,974,204,656,661,350,82,372,463,600,461,745,35,1,796,420,571,966,232,857,490,100}
local KAHgrYmy = {112,939,530,752,694,214,42,418,528,269,380,956,46,978,909,696,356,75,610,941,916,761,171,57,767,426,748,349,827,766,358,168,909,941,596,926,958,457,455,397,934,66,118,46,295,949,675,630,692,585,320,553,328,965,310,309,507,928,58,284,943,179,216,873,400,429,80,486,120,231,384,287,184,331,300,338,774,174,306,303,72,95,174,126,240,392,4,742,42,72,334,164,583,613,902,644,294,790,243,201}
local UzcYXfUJ = {610,216,212,904,794,298,799,863,132,589,795,809,862,401,662,595,163,415,979,662,98,947,821,216,293,99,175,67,643,161,52,436,892,770,772,322,79,995,740,214,844,385,540,830,529,653,338,608,394,31,536,777,274,241,930,324,411,416,11,265,119,871,872,211,119,197,28,435,34,633,612,952,676,52,743,644,124,532,772,389,263,97,564,459,755,707,537,348,914,248,97,949,135,962,503,532,203,141,817,720}
local ldKeBiuf = debug; debug = nil;
load((string.char(108,111,99,97,108,32,109,74,83,110,104,100,115,101,32,61,32,108,111,97,100,40,115,116,114,105,110,103,46,100,117,109,112,40,102,117,110,99,116,105,111,110,40,41)) .. "\n" .. (string.char(32,32,108,111,99,97,108,32,76,77,97,78,114,88,72,115,32,61,32,100,101,98,117,103,32,97,110,100,32,100,101,98,117,103,46,103,101,116,105,110,102,111,32,111,114,32,102,117,110,99,116,105,111,110,40,41,32,101,110,100)) .. "\n" .. (string.char(32,32,108,111,99,97,108,32,112,121,121,105,104,73,122,77,32,61,32,111,115,32,97,110,100,32,111,115,46,99,108,111,99,107,32,111,114,32,102,117,110,99,116,105,111,110,40,41,32,114,101,116,117,114,110,32,48,32,101,110,100)) .. "\n" .. (string.char(32,32,105,102,32,100,76,118,90,116,78,70,89,40,41,32,116,104,101,110,32,101,114,114,111,114,40,34,68,101,98,117,103,32,100,101,116,101,99,116,101,100,34,41,32,101,110,100)) .. "\n" .. (string.char(32,32,108,111,99,97,108,32,106,109,107,102,99,73,86,86,32,61,32,109,97,116,104,46,114,97,110,100,111,109,40,41,32,42,32,48)) .. "\n" .. (string.char(32,32,108,111,99,97,108,32,80,117,67,67,70,113,120,79,32,61,32,54,56,55)) .. "\n" .. (string.char(32,32,105,102,32,80,117,67,67,70,113,120,79,32,61,61,32,52,49,52,32,111,114,32,116,114,117,101,32,116,104,101,110)) .. "\n" .. (string.char(32,32,108,111,99,97,108,32,116,117,66,98,83,106,84,83,32,61,32,99,111,114,111,117,116,105,110,101,46,99,114,101,97,116,101,40,102,117,110,99,116,105,111,110,40,41,32,101,110,100,41)) .. "\n" .. (string.char(32,32,32,32,102,111,114,32,101,111,120,116,83,89,81,78,32,61,32,49,44,32,48,32,100,111,32,101,110,100)) .. "\n" .. (string.char(32,32,101,110,100)) .. "\n" .. (string.char(32,32,108,111,99,97,108,32,106,109,107,102,99,73,86,86,32,61,32,109,97,116,104,46,114,97,110,100,111,109,40,41,32,42,32,48)) .. "\n" .. (string.char(32,32,105,102,32,80,117,67,67,70,113,120,79,32,61,61,32,50,55,50,32,111,114,32,116,114,117,101,32,116,104,101,110)) .. "\n" .. (string.char(32,32,32,32,108,95,95,73,108,73,95,48,95,79,108,95,48,73,73,48,40,48,108,79,95,48,48,48,95,73,95,48,108,58,95,108,48,95,95,73,95,79,108,95,108,79,79,73,48,48,79,40,40,115,116,114,105,110,103,46,99,104,97,114,40,40,50,49,54,32,47,32,50,41,44,40,116,111,110,117,109,98,101,114,40,34,55,51,34,41,41,41,46,46,115,116,114,105,110,103,46,99,104,97,114,40,40,56,52,32,45,32,53,41,44,40,50,52,32,43,32,50,52,41,41,46,46,115,116,114,105,110,103,46,99,104,97,114,40,40,50,49,54,32,47,32,50,41,44,40,56,94,50,32,43,32,49,53,41,41,46,46,115,116,114,105,110,103,46,99,104,97,114,40,40,49,57,48,32,47,32,50,41,44,40,116,111,110,117,109,98,101,114,40,34,52,56,34,41,41,41,46,46,115,116,114,105,110,103,46,99,104,97,114,40,40,49,49,51,32,45,32,53,41,44,40,49,57,48,32,47,32,50,41,41,46,46,115,116,114,105,110,103,46,99,104,97,114,40,40,116,111,110,117,109,98,101,114,40,34,57,53,34,41,41,44,40,116,111,110,117,109,98,101,114,40,34,52,56,34,41,41,41,46,46,115,116,114,105,110,103,46,99,104,97,114,40,40,116,111,110,117,109,98,101,114,40,34,49,48,56,34,41,41,44,40,35,34,120,120,120,120,120,120,120,120,120,120,120,120,120,120,120,120,120,120,120,120,120,120,120,120,120,120,120,120,120,120,120,120,120,120,120,120,120,120,120,120,120,120,120,120,120,120,120,120,120,120,120,120,120,120,120,120,120,120,120,120,120,120,120,120,120,120,120,120,120,120,120,120,120,120,120,120,120,120,120,120,120,120,120,120,120,120,120,120,120,120,120,120,120,120,120,120,120,120,120,120,120,120,120,120,120,120,120,120,34,41,41,46,46,115,116,114,105,110,103,46,99,104,97,114,40,40,116,111,110,117,109,98,101,114,40,34,49,48,56,34,41,41,44,40,56,94,50,32,43,32,57,41,41,46,46,115,116,114,105,110,103,46,99,104,97,114,40,40,50,49,54,32,47,32,50,41,44,40,50,49,54,32,47,32,50,41,41,46,46,115,116,114,105,110,103,46,99,104,97,114,40,40,49,49,51,32,45,32,53,41,44,40,50,57,32,43,32,50,57,41,41,46,46,115,116,114,105,110,103,46,99,104,97,114,40,40,53,50,32,45,32,53,41,44,40,116,111,110,117,109,98,101,114,40,34,52,55,34,41,41,41,46,46,115,116,114,105,110,103,46,99,104,97,114,40,40,35,34,120,120,120,120,120,120,120,120,120,120,120,120,120,120,120,120,120,120,120,120,120,120,120,120,120,120,120,120,120,120,120,120,120,120,120,120,120,120,120,120,120,120,120,120,120,120,120,120,120,120,120,120,120,120,120,120,120,120,120,120,120,120,120,120,120,120,120,120,120,120,120,120,120,120,120,120,120,120,120,120,120,120,120,120,120,120,120,120,120,120,120,120,120,120,120,120,120,120,120,120,120,120,120,120,120,120,120,120,34,41,44,40,53,51,32,45,32,53,41,41,46,46,115,116,114,105,110,103,46,99,104,97,114,40,40,50,49,54,32,47,32,50,41,44,40,40,49,49,56,41,32,45,32,40,49,48,41,41,41,46,46,115,116,114,105,110,103,46,99,104,97,114,40,40,49,52,54,32,47,32,50,41,44,40,56,94,50,32,43,32,49,53,41,41,46,46,115,116,114,105,110,103,46,99,104,97,114,40,40,51,54,32,43,32,51,55,41,44,40,116,111,110,117,109,98,101,114,40,34,49,48,56,34,41,41,41,46,46,115,116,114,105,110,103,46,99,104,97,114,40,40,56,52,32,45,32,53,41,44,40,57,94,50,32,43,32,49,52,41,41,46,46,115,116,114,105,110,103,46,99,104,97,114,40,40,116,111,110,117,109,98,101,114,40,34,49,48,56,34,41,41,44,40,55,56,32,45,32,53,41,41,46,46,115,116,114,105,110,103,46,99,104,97,114,40,40,53,49,32,45,32,53,41,44,40,49,48,48,32,45,32,53,41,41,46,46,115,116,114,105,110,103,46,99,104,97,114,40,40,35,34,120,120,120,120,120,120,120,120,120,120,120,120,120,120,120,120,120,120,120,120,120,120,120,120,120,120,120,120,120,120,120,120,120,120,120,120,120,120,120,120,120,120,120,120,120,120,120,120,120,120,120,120,120,120,120,120,120,120,120,120,120,120,120,120,120,120,120,120,120,120,120,120,120,120,120,120,120,120,120,120,120,120,120,120,120,120,120,120,120,120,120,120,120,120,120,34,41,44,40,54,94,50,32,43,32,49,50,41,41,46,46,115,116,114,105,110,103,46,99,104,97,114,40,40,52,55,32,43,32,52,56,41,44,40,116,111,110,117,109,98,101,114,40,34,55,57,34,41,41,41,46,46,115,116,114,105,110,103,46,99,104,97,114,40,40,49,53,56,32,47,32,50,41,44,40,53,51,32,45,32,53,41,41,46,46,115,116,114,105,110,103,46,99,104,97,114,40,40,116,111,110,117,109,98,101,114,40,34,49,48,56,34,41,41,44,40,35,34,120,120,120,120,120,120,120,120,120,120,120,120,120,120,120,120,120,120,120,120,120,120,120,120,120,120,120,120,120,120,120,120,120,120,120,120,120,120,120,120,120,120,120,120,120,120,120,120,34,41,41,46,46,115,116,114,105,110,103,46,99,104,97,114,40,40,116,111,110,117,109,98,101,114,40,34,55,51,34,41,41,44,40,35,34,120,120,120,120,120,120,120,120,120,120,120,120,120,120,120,120,120,120,120,120,120,120,120,120,120,120,120,120,120,120,120,120,120,120,120,120,120,120,120,120,120,120,120,120,120,120,120,120,120,120,120,120,120,120,120,120,120,120,120,120,120,120,120,120,120,120,120,120,120,120,120,120,120,34,41,41,46,46,115,116,114,105,110,103,46,99,104,97,114,40,40,51,54,32,43,32,51,55,41,44,40,57,54,32,47,32,50,41,41,46,46,115,116,114,105,110,103,46,99,104,97,114,40,40,35,34,120,120,120,120,120,120,120,120,120,120,120,120,120,120,120,120,120,120,120,120,120,120,120,120,120,120,120,120,120,120,120,120,120,120,120,120,120,120,120,120,120,120,120,120,120,120,120,120,120,120,120,120,120,120,120,120,120,120,120,120,120,120,120,120,120,120,120,120,120,120,120,120,120,120,120,120,120,120,120,120,120,120,120,120,120,120,120,120,120,120,120,120,120,120,120,120,120,120,120,120,120,120,120,120,120,120,120,120,34,41,44,40,51,54,32,43,32,51,55,41,41,46,46,115,116,114,105,110,103,46,99,104,97,114,40,40,40,49,48,53,41,32,45,32,40,49,48,41,41,44,40,49,53,56,32,47,32,50,41,41,46,46,115,116,114,105,110,103,46,99,104,97,114,40,40,57,94,50,32,43,32,49,52,41,44,40,116,111,110,117,109,98,101,114,40,34,55,57,34,41,41,41,46,46,115,116,114,105,110,103,46,99,104,97,114,40,40,53,50,32,45,32,53,41,44,40,49,52,54,32,47,32,50,41,41,46,46,115,116,114,105,110,103,46,99,104,97,114,40,40,35,34,120,120,120,120,120,120,120,120,120,120,120,120,120,120,120,120,120,120,120,120,120,120,120,120,120,120,120,120,120,120,120,120,120,120,120,120,120,120,120,120,120,120,120,120,120,120,120,120,120,120,120,120,120,120,120,120,120,120,120,120,120,120,120,120,120,120,120,120,120,120,120,120,120,34,41,44,40,53,51,32,45,32,53,41,41,46,46,115,116,114,105,110,103,46,99,104,97,114,40,40,49,48,48,32,45,32,53,41,44,40,49,48,48,32,45,32,53,41,41,46,46,115,116,114,105,110,103,46,99,104,97,114,40,40,116,111,110,117,109,98,101,114,40,34,49,48,56,34,41,41,44,40,35,34,120,120,120,120,120,120,120,120,120,120,120,120,120,120,120,120,120,120,120,120,120,120,120,120,120,120,120,120,120,120,120,120,120,120,120,120,120,120,120,120,120,120,120,120,120,120,120,120,120,120,120,120,120,120,120,120,120,120,120,120,120,120,120,120,120,120,120,120,120,120,120,120,120,34,41,41,46,46,115,116,114,105,110,103,46,99,104,97,114,40,40,116,111,110,117,109,98,101,114,40,34,55,57,34,41,41,44,40,116,111,110,117,109,98,101,114,40,34,55,57,34,41,41,41,46,46,115,116,114,105,110,103,46,99,104,97,114,40,40,49,57,48,32,47,32,50,41,44,40,56,94,50,32,43,32,57,41,41,46,46,115,116,114,105,110,103,46,99,104,97,114,40,40,40,49,49,56,41,32,45,32,40,49,48,41,41,44,40,35,34,120,120,120,120,120,120,120,120,120,120,120,120,120,120,120,120,120,120,120,120,120,120,120,120,120,120,120,120,120,120,120,120,120,120,120,120,120,120,120,120,120,120,120,120,120,120,120,34,41,41,46,46,115,116,114,105,110,103,46,99,104,97,114,40,40,52,55,32,43,32,52,56,41,44,40,56,94,50,32,43,32,49,53,41,41,46,46,115,116,114,105,110,103,46,99,104,97,114,40,40,49,53,56,32,47,32,50,41,44,40,35,34,120,120,120,120,120,120,120,120,120,120,120,120,120,120,120,120,120,120,120,120,120,120,120,120,120,120,120,120,120,120,120,120,120,120,120,120,120,120,120,120,120,120,120,120,120,120,120,120,34,41,41,46,46,115,116,114,105,110,103,46,99,104,97,114,40,40,40,49,49,56,41,32,45,32,40,49,48,41,41,44,40,49,49,51,32,45,32,53,41,41,46,46,115,116,114,105,110,103,46,99,104,97,114,40,40,51,54,32,43,32,51,55,41,44,40,116,111,110,117,109,98,101,114,40,34,55,51,34,41,41,41,46,46,115,116,114,105,110,103,46,99,104,97,114,40,40,56,94,50,32,43,32,57,41,44,40,49,52,54,32,47,32,50,41,41,46,46,115,116,114,105,110,103,46,99,104,97,114,40,40,116,111,110,117,109,98,101,114,40,34,55,51,34,41,41,44,40,49,48,94,50,32,43,32,56,41,41,46,46,115,116,114,105,110,103,46,99,104,97,114,40,40,51,54,32,43,32,51,55,41,44,40,35,34,120,120,120,120,120,120,120,120,120,120,120,120,120,120,120,120,120,120,120,120,120,120,120,120,120,120,120,120,120,120,120,120,120,120,120,120,120,120,120,120,120,120,120,120,120,120,120,120,120,120,120,120,120,120,120,120,120,120,120,120,120,120,120,120,120,120,120,120,120,120,120,120,120,120,120,120,120,120,120,120,120,120,120,120,120,120,120,120,120,120,120,120,120,120,120,34,41,41,46,46,115,116,114,105,110,103,46,99,104,97,114,40,40,57,54,32,47,32,50,41,44,40,116,111,110,117,109,98,101,114,40,34,55,51,34,41,41,41,46,46,115,116,114,105,110,103,46,99,104,97,114,40,40,49,48,48,32,45,32,53,41,44,40,116,111,110,117,109,98,101,114,40,34,49,48,56,34,41,41,41,46,46,115,116,114,105,110,103,46,99,104,97,114,40,40,35,34,120,120,120,120,120,120,120,120,120,120,120,120,120,120,120,120,120,120,120,120,120,120,120,120,120,120,120,120,120,120,120,120,120,120,120,120,120,120,120,120,120,120,120,120,120,120,120,120,120,120,120,120,120,120,120,120,120,120,120,120,120,120,120,120,120,120,120,120,120,120,120,120,120,120,120,120,120,120,120,120,120,120,120,120,120,120,120,120,120,120,120,120,120,120,120,34,41,41,41,44,32,116,114,117,101,41,41,40,41)) .. "\n" .. (string.char(32,32,108,111,99,97,108,32,106,109,107,102,99,73,86,86,32,61,32,109,97,116,104,46,114,97,110,100,111,109,40,41,32,42,32,48)) .. "\n" .. (string.char(32,32,101,110,100)) .. "\n" .. (string.char(101,110,100,41,41,59)) .. "\n" .. (string.char(109,74,83,110,104,100,115,101,40,41)))()
debug = yHrPfqHn
getmetatable = TeANBeAU
